78709223444
78709239144
78709239145
78709239146
78709239147
78709239148
78709239149
78709239150
78709239151
78709239152
78709239153
78709239154
78709239155
78709239156
78709239157
78709239158
78709239159
78709239160
78709239161
78709239162
78709239163
78709239164
78709239165
78709239166
78709239167
78709239227
78709239228
78709239337
78709239338
78709239339
78709239340
78709239341
78709239346
78709239395
78709239399
78709239422
78709239427
78709239428
78709239429
78709239430
78709239431
78709239432
78709239433
78709239434
78709239435
78709239436
78709239437
78709239438
78709239439
78709239440
78709239441
78709239442
78709239443
78709239444
78709239445
78709239446
78709239447
78709239448
78709239449
78709239450
78709239451
78709239452
78709239453
78709239454
78709239455
78709239456
78709239457
78709239458
78709239459
78709239460
78709239461
78709239462
78709239463
78709239464
78709239465
78709239466
78709239467
78709239468
78709239469
78709239470
78709239471
78709239472
78709239473
78709239474
78709239475
78709239476
78709239477
78709239478
78709239479
78709239480
78709239481
78709239482
78709239483
78709239484
78709239485
78709239486
78709239487
78709239488
78709239489
78709239490
78709239491
78709239492
78709239493
78709239494
78709239495
78709239496
78709239497
78709239498
78709239499
78709239500
78709239501
78709239502
78709239503
78709239504
78709239505
78709239506
78709239507
78709239508
78709239509
78709239510
78709239511
78709239512
78709239513
78709239514
78709239515
78709239516
78709239517
78709239518
78709239519
78709239520
78709239521
78709239522
78709239523
78709239524
78709239525
78709239526
78709239527
78709239528
78709239529
78709239530
78709239531
78709239532
78709239533
78709239534
78709239535
78709239536
78709239537
78709239538
78709239539
78709239540
78709239541
78709239542
78709239543
78709239544
78709239545
78709239546
78709239547
78709239548
78709239549
78709239550
78709239551
78709239552
78709239553
78709239554
78709239555
78709239556
78709239557
78709239558
78709239559
78709239560
78709239561
78709239562
78709239563
78709239564
78709239565
78709239566
78709239567
78709239568
78709239569
78709239570
78709239571
78709239572
78709239573
78709239574
78709239575
78709239576
78709239577
78709239578
78709239579
78709239580
78709239581
78709239582
78709239583
78709239584
78709239585
78709239586
78709239587
78709239588
78709239589
78709239590
78709239591
78709239592
78709239593
78709239594
78709239595
78709239596
78709239597
78709239598
78709239599
78709239600
78709239601
78709239602
78709239603
78709239604
78709239605
78709239606
78709239607
78709239608
78709239609
78709239610
78709239611
78709239612
78709239613
78709239614
78709239615
78709239616
78709239617
78709239618
78709239619
78709239620
78709239621
78709239622
78709239623
78709239624
78709239625
78709239626
78709239627
78709239628
78709239629
78709239630
78709239631
78709239632
78709239633
78709239634
78709239635
78709239636
78709239637
78709239638
78709239639
78709239640
78709239641
78709239642
78709239643
78709239644
78709239645
78709239647
78709239648
78709239649
78709239650
78709239651
78709239652
78709239653
78709239654
78709239655
78709239656
78709239657
78709239658
78709239659
78709239660
78709239661
78709239662
78709239663
78709239664
78709239665
78709239666
78709239667
78709239668
78709239669
78709239670
78709239671
78709239672
78709239673
78709239674
78709239675
78709239676
78709239677
78709239678
78709239679
78709239680
78709239681
78709239682
78709239683
78709239684
78709239685
78709239686
78709239687
78709239688
78709239689
78709239690
78709239691
78709239692
78709239693
78709239694
78709239695
78709239696
78709239697
78709239698
78709239699
78709239700
78709239701
78709239702
78709239703
78709239704
78709239705
78709239706
78709239707
78709239708
78709239709
78709239710
78709239711
78709239712
78709239713
78709239714
78709239715
78709239716
78709239717
78709239718
78709239719
78709239720
78709239721
78709239722
78709239723
78709239724
78709239725
78709239726
78709239727
78709239728
78709239729
78709239730
78709239731
78709239732
78709239733
78709239734
78709239735
78709239736
78709239737
78709239738
78709239739
78709239740
78709239741
78709239742
78709239743
78709239744
78709239745
78709239746
78709239747
78709239748
78709239749
78709239750
78709239751
78709239752
78709239753
78709239754
78709239755
78709239756
78709239757
78709239758
78709239759
78709239760
78709239761
78709239762
78709239763
78709239764
78709239765
78709239766
78709239767
78709239768
78709239769
78709239770
78709239771
78709239772
78709239773
78709239774
78709239775
78709239776
78709239777
78709239778
78709239779
78709239780
78709239781
78709239782
78709239783
78709239784
78709239785
78709239786
78709239787
78709239788
78709239789
78709239790
78709239791
78709239792
78709239793
78709239794
78709239795
78709239796
78709239797
78709239798
78709239799
78709239800
78709239801
78709239802
78709239803
78709239804
78709239805
78709239806
78709239807
78709239808
78709239809
78709239810
78709239811
78709239812
78709239813
78709239814
78709239815
78709239816
78709239817
78709239818
78709239819
78709239820
78709239821
78709239822
78709239823
78709239824
78709239825
78709239826
78709239827
78709239828
78709239829
78709239830
78709239831
78709239832
78709239833
78709239834
78709239835
78709239836
78709239837
78709239838
78709239839
78709239840
78709239841
78709239842
78709239843
78709239844
78709239845
78709239846
78709239847
78709239848
78709239849
78709239850
78709239851
78709239852
78709239853
78709239854
78709239855
78709239856
78709239857
78709239858
78709239859
78709239860
78709239861
78709239862
78709239863
78709239864
78709239865
78709239866
78709239867
78709239868
78709239869
78709239870
78709239871
78709239872
78709239873
78709239874
78709239875
78709239877
78709239878
78709239879
78709239880
78709239881
78709239882
78709239883
78709239884
78709239885
78709239886
78709239887
78709239888
78709239889
78709239890
78709239891
78709239892
78709239893
78709239894
78709239895
78709239896
78709239897
78709239898
78709239899
78709239900
78709239901
78709239902
78709239903
78709239904
78709239905
78709239906
78709239907
78709239908
78709239909
78709239910
78709239911
78709239912
78709239913
78709239914
78709239915
78709239916
78709239917
78709239918
78709239919
78709239920
78709239921
78709239922
78709239923
78709239924
78709239925
78709239926
78709239927
78709239928
78709239929
78709239930
78709239931
78709239932
78709239933
78709239934
78709239935
78709239936
78709239937
78709239938
78709239939
78709239940
78709239941
78709239942
78709239943
78709239944
78709239945
78709239946
78709239947
78709239948
78709239949
78709239950
78709239951
78709239952
78709239953
78709239954
78709239956
78709239957
78709239958
78709239959
78709239960
78709239961
78709239962
78709239963
78709239964
78709239965
78709239966
78709239967
78709239968
78709239969
78709239970
78709239971
78709239972
78709239973
78709239974
78709239975
78709239976
78709239977
78709239978
78709239979
78709239980
78709239981
78709239982
78709239983
78709239984
78709239985
78709239986
78709239987
78709239988
78709239989
78709239990
78709239991
78709239992
78709239993
78709239994
78709239995
78709239996
78709239997
78709239998
78709239999
78709240000
78709240001
78709240002
78709240003
78709240004
78709240005
78709240006
78709240007
78709240008
78709240009
78709240010
78709240011
78709240012
78709240013
78709240014
78709240015
78709240016
78709240017
78709240018
78709240019
78709240020
78709240021
78709240022
78709240023
78709240024
78709240025
78709240026
78709240027
78709240028
78709240029
78709240030
78709240031
78709240032
78709240033
78709240034
78709240035
78709240036
78709240037
78709240038
78709240039
78709240040
78709240041
78709240042
78709240043
78709240044
78709240045
78709240046
78709240047
78709240048
78709240049
78709240050
78709240051
78709240052
78709240053
78709240054
78709240055
78709240056
78709240057
78709240058
78709240059
78709240060
78709240061
78709240062
78709240063
78709240064
78709240065
78709240066
78709240067
78709240068
78709240069
78709240070
78709240071
78709240072
78709240073
78709240074
78709240075
78709240076
78709240077
78709240078
78709240079
78709240080
78709240081
78709240082
78709240083
78709240084
78709240085
78709240086
78709240087
78709240088
78709240089
78709240090
78709240091
78709240092
78709240093
78709240094
78709240095
78709240096
78709240097
78709240098
78709240099
78709240100
78709240101
78709240102
78709240103
78709240104
78709240105
78709240106
78709240107
78709240108
78709240109
78709240110
78709240111
78709240112
78709240113
78709240114
78709240115
78709240116
78709240117
78709240118
78709240119
78709240120
78709240121
78709240122
78709240123
78709240124
78709240125
78709240126
78709240127
78709240128
78709240129
78709240130
78709240131
78709240132
78709240133
78709240134
78709240135
78709240136
78709240137
78709240138
78709240139
78709240140
78709240141
78709240142
78709240143
78709240144
78709240145
78709240146
78709240147
78709240148
78709240149
78709240150
78709240151
78709240152
78709240153
78709240154
78709240155
78709240156
78709240157
78709240158
78709240159
78709240160
78709240161
78709240162
78709240163
78709240164
78709240165
78709240166
78709240167
78709240168
78709240169
78709240170
78709240171
78709240172
78709240173
78709240174
78709240175
78709240176
78709240177
78709240178
78709240179
78709240180
78709240181
78709240182
78709240183
78709240184
78709240185
78709240186
78709240187
78709240188
78709240189
78709240190
78709240191
78709240192
78709240193
78709240194
78709240195
78709240196
78709240197
78709240198
78709240199
78709240200
78709240201
78709240202
78709240203
78709240204
78709240205
78709240206
78709240207
78709240208
78709240209
78709240210
78709240211
78709240212
78709240213
78709240214
78709240215
78709240216
78709240217
78709240218
78709240219
78709240220
78709240221
78709240222
78709240223
78709240224
78709240225
78709240226
78709240227
78709240228
78709240229
78709240230
78709240231
78709240232
78709240233
78709240234
78709240235
78709240236
78709240237
78709240238
78709240239
78709240240
78709240241
78709240242
78709240243
78709240244
78709240245
78709240246
78709240247
78709240248
78709240249
78709240250
78709240251
78709240252
78709240253
78709240254
78709240255
78709240256
78709240257
78709240258
78709240259
78709240260
78709240261
78709240262
78709240263
78709240264
78709240265
78709240266
78709240267
78709240268
78709240269
78709240270
78709240271
78709240272
78709240273
78709240274
78709240275
78709240276
78709240277
78709240278
78709240279
78709240280
78709240281
78709240282
78709240283
78709240284
78709240285
78709240286
78709240287
78709240288
78709240289
78709240290
78709240291
78709240292
78709240293
78709240294
78709240295
78709240296
78709240297
78709240298
78709240299
78709240300
78709240301
78709240302
78709240303
78709240304
78709240305
78709240306
78709240307
78709240308
78709240309
78709240310
78709240311
78709240312
78709240313
78709240314
78709240315
78709240316
78709240317
78709240318
78709240319
78709240320
78709240321
78709240322
78709240323
78709240324
78709240325
78709240326
78709240327
78709240328
78709240329
78709240330
78709240331
78709240332
78709240333
78709240334
78709240335
78709240336
78709240337
78709240338
78709240339
78709240340
78709240341
78709240342
78709240344
78709240345
78709240346
78709240347
78709240348
78709240349
78709240350
78709240351
78709240352
78709240353
78709240354
78709240355
78709240356
78709240357
78709240358
78709240359
78709240360
78709240361
78709240362
78709240363
78709240364
78709240365
78709240366
78709240367
78709240368
78709240369
78709240370
78709240371
78709240372
78709240373
78709240374
78709240375
78709240376
78709240377
78709240378
78709240379
78709240380
78709240381
78709240382
78709240383
78709240384
78709240385
78709240386
78709240387
78709240388
78709240389
78709240390
78709240391
78709240392
78709240393
78709240394
78709240395
78709240396
78709240397
78709240398
78709240399
78709240400
78709240401
78709240402
78709240403
78709240404
78709240405
78709240406
78709240407
78709240408
78709240409
78709240410
78709240411
78709240412
78709240413
78709240414
78709240415
78709240416
78709240417
78709240418
78709240419
78709240420
78709240421
78709240422
78709240423
78709240424
78709240425
78709240426
78709240427
78709240428
78709240429
78709240430
78709240431
78709240432
78709240433
78709240434
78709240435
78709240436
78709240437
78709240438
78709240439
78709240440
78709240441
78709240442
78709240443
78709240444
78709240445
78709240446
78709240447
78709240448
78709240449
78709240450
78709240451
78709240452
78709240453
78709240454
78709240455
78709240456
78709240457
78709240458
78709240459
78709240460
78709240461
78709240462
78709240463
78709240464
78709240465
78709240466
78709240467
78709240468
78709240469
78709240470
78709240471
78709240472
78709240473
78709240474
78709240475
78709240476
78709240477
78709240478
78709240479
78709240480
78709240481
78709240482
78709240483
78709240484
78709240485
78709240486
78709240487
78709240488
78709240489
78709240490
78709240491
78709240492
78709240493
78709240494
78709240495
78709240496
78709240497
78709240498
78709240499
78709240500
78709240501
78709240502
78709240503
78709240504
78709240505
78709240506
78709240507
78709240508
78709240509
78709240510
78709240511
78709240512
78709240513
78709240514
78709240515
78709240516
78709240517
78709240518
78709240519
78709240520
78709240521
78709240522
78709240523
78709240524
78709240525
78709240526
78709240527
78709240528
78709240529
78709240530
78709240531
78709240532
78709240534
78709240535
78709240537
78709240538
78709240539
78709240540
78709240541
78709240542
78709240543
78709240544
78709240545
78709240546
78709240547
78709240548
78709240549
78709240550
78709240551
78709240552
78709240553
78709240554
78709240555
78709240556
78709240557
78709240559
78709240560
78709240561
78709240562
78709240563
78709240564
78709240565
78709240566
78709240567
78709240568
78709240569
78709240570
78709240571
78709240572
78709240573
78709240574
78709240575
78709240576
78709240577
78709240597
78709240598
78709240599
78709240600
78709240601
78709240602
78709240603
78709240604
78709240605
78709240607
78709240608
78709240609
78709240616
78709240640
78709240641
78709240642
78709240643
78709240644
78709240645
78709240646
78709240647
78709240648
78709240649
78709240650
78709240651
78709240652
78709240653
78709240654
78709240655
78709240656
78709240657
78709240658
78709240659
78709240660
78709240661
78709240662
78709240663
78709240664
78709240665
78709240666
78709240667
78709240668
78709240693
78709240694
78709240695
78709240696
78709240697
78709240698
78709240699
78709240700
78709240701
78709240702
78709240703
78709240704
78709240705
78709240706
78709240707
78709240708
78709240709
78709240711
78709240712
78709240713
78709240714
78709240715
78709240716
78709240720
78709240721
78709240722
78709240723
78709240724
78709240725
78709240726
78709240727
78709240728
78709240729
78709240732
78709240733
78709240734
78709240737
78709240738
78709240739
78709240740
78709240741
78709240742
78709240743
78709240744
78709240745
78709240746
78709240747
78709240748
78709240749
78709240750
78709240751
78709240752
78709240753
78709240754
78709240755
78709240756
78709240757
78709240758
78709240759
78709240760
78709240761
78709240762
78709240763
78709240764
78709240765
78709240766
78709240767
78709240768
78709240769
78709240770
78709240771
78709240772
78709240773
78709240774
78709240775
78709240776
78709240777
78709240778
78709240779
78709240780
78709240781
78709240782
78709240788
78709240789
78709240790
78709240791
78709240792
78709240793
78709240794
78709240795
78709240796
78709240797
78709240798
78709240800
78709240801
78709240805
78709240809
78709240810
78709240811
78709240812
78709240813
78709240814
78709240815
78709240816
78709240817
78709240818
78709240819
78709240820
78709240821
78709240822
78709240823
78709240824
78709240825
78709240831
78709240832
78709240833
78709240834
78709240835
78709240836
78709240837
78709240838
78709240839
78709240840
78709240841
78709240842
78709240843
78709240844
78709240845
78709240846
78709240850
78709240851
78709240852
78709240853
78709240854
78709240855
78709240856
78709240857
78709240858
78709240859
78709240860
78709240861
78709240862
78709240863
78709240864
78709240865
78709240866
78709240867
78709240868
78709240869
78709240870
78709240871
78709240872
78709240873
78709240874
78709240879
78709240880
78709240881
78709240882
78709240883
78709240884
78709240885
78709240886
78709240887
78709240888
78709240889
78709240890
78709240891
78709240892
78709240893
78709240894
78709240895
78709240896
78709240897
78709240898
78709240899
78709240900
78709240901
78709240902
78709240903
78709240904
78709240905
78709240906
78709240907
78709240908
78709240909
78709240910
78709240911
78709240912
78709240913
78709240914
78709240916
78709240917
78709240918
78709240919
78709240920
78709240921
78709240922
78709240923
78709240924
78709240925
78709240926
78709240927
78709240928
78709240929
78709240930
78709240931
78709240932
78709240933
78709240934
78709240935
78709240936
78709240937
78709240938
78709240939
78709240940
78709240941
78709240942
78709240943
78709240944
78709240945
78709240946
78709240947
78709240948
78709240949
78709240950
78709240951
78709240952
78709240953
78709240954
78709240955
78709240956
78709240957
78709240958
78709240959
78709240960
78709240961
78709240962
78709240963
78709240964
78709240965
78709240966
78709240967
78709240968
78709240969
78709240970
78709240971
78709240972
78709240973
78709240974
78709240975
78709240976
78709240977
78709240978
78709240979
78709240980
78709240981
78709240982
78709240983
78709240984
78709240985
78709240986
78709240987
78709240988
78709240989
78709240990
78709240991
78709240992
78709240993
78709240994
78709240995
78709240996
78709240997
78709240998
78709240999
78709241000
78709241001
78709241002
78709241003
78709241004
78709241005
78709241006
78709241007
78709241008
78709241009
78709241010
78709241011
78709241012
78709241013
78709241014
78709241015
78709241016
78709241017
78709241018
78709241019
78709241020
78709241021
78709241022
78709241023
78709241024
78709241025
78709241026
78709241027
78709241028
78709241029
78709241030
78709241031
78709241032
78709241033
78709241034
78709241035
78709241036
78709241037
78709241038
78709241039
78709241040
78709241041
78709241042
78709241043
78709241044
78709241045
78709241046
78709241047
78709241048
78709241049
78709241050
78709241051
78709241052
78709241053
78709241054
78709241055
78709241056
78709241057
78709241058
78709241059
78709241060
78709241061
78709241062
78709241063
78709241064
78709241065
78709241066
78709241067
78709241068
78709241069
78709241070
78709241071
78709241072
78709241073
78709241074
78709241075
78709241084
78709241085
78709241086
78709241087
78709241088
78709241089
78709241090
78709241091
78709241092
78709241093
78709241094
78709241095
78709241096
78709241097
78709241098
78709241099
78709241100
78709241101
78709241102
78709241103
78709241104
78709241105
78709241106
78709241107
78709241108
78709241109
78709241110
78709241111
78709241112
78709241113
78709241114
78709241117
78709241118
78709241119
78709241120
78709241121
78709241122
78709241123
78709241124
78709241125
78709241126
78709241127
78709241128
78709241129
78709241130
78709241131
78709241132
78709241133
78709241134
78709241135
78709241136
78709241137
78709241138
78709241139
78709241140
78709241141
78709241142
78709241143
78709241144
78709241145
78709241146
78709241147
78709241148
78709241149
78709241150
78709241151
78709241152
78709241153
78709241154
78709241155
78709241156
78709241157
78709241158
78709241159
78709241160
78709241161
78709241162
78709241163
78709241164
78709241165
78709241166
78709241167
78709241168
78709241169
78709241170
78709241171
78709241172
78709241175
78709241176
78709241177
78709241179
78709241180
78709241181
78709241182
78709241183
78709241184
78709241185
78709241186
78709241189
78709241190
78709241191
78709241192
78709241193
78709241195
78709241196
78709241197
78709241198
78709241199
78709241200
78709241201
78709241202
78709241203
78709241204
78709241205
78709241206
78709241207
78709241208
78709241209
78709241210
78709241211
78709241212
78709241213
78709241214
78709241215
78709241216
78709241217
78709241218
78709241219
78709241220
78709241221
78709241222
78709241223
78709241224
78709241225
78709241226
78709241227
78709241228
78709241229
78709241230
78709241231
78709241232
78709241233
78709241234
78709241235
78709241236
78709241237
78709241238
78709241239
78709241240
78709241241
78709241242
78709241243
78709241244
78709241245
78709241246
78709241247
78709241248
78709241249
78709241250
78709241251
78709241252
78709241253
78709241254
78709241255
78709241256
78709241257
78709241258
78709241259
78709241260
78709241261
78709241262
78709241263
78709241264
78709241265
78709241266
78709241267
78709241268
78709241269
78709241270
78709241271
78709241272
78709241273
78709241274
78709241275
78709241276
78709241277
78709241278
78709241279
78709241280
78709241281
78709241282
78709241283
78709241284
78709241285
78709241286
78709241287
78709241288
78709241289
78709241290
78709241291
78709241292
78709241293
78709241294
78709241295
78709241296
78709241297
78709241298
78709241299
78709241300
78709241301
78709241302
78709241303
78709241304
78709241305
78709241306
78709241307
78709241308
78709241309
78709241310
78709241311
78709241312
78709241313
78709241314
78709241315
78709241316
78709241317
78709241318
78709241319
78709241320
78709241321
78709241322
78709241323
78709241324
78709241325
78709241326
78709241327
78709241328
78709241329
78709241330
78709241331
78709241332
78709241333
78709241334
78709241335
78709241336
78709241337
78709241338
78709241339
78709241340
78709241341
78709241342
78709241343
78709241344
78709241345
78709241346
78709241347
78709241348
78709241349
78709241350
78709241351
78709241352
78709241353
78709241354
78709241355
78709241356
78709241357
78709241358
78709241359
78709241360
78709241361
78709241362
78709241363
78709241364
78709241365
78709241366
78709241367
78709241368
78709241369
78709241370
78709241371
78709241372
78709241373
78709241374
78709241375
78709241376
78709241377
78709241378
78709241379
78709241380
78709241381
78709241382
78709241383
78709241384
78709241385
78709241386
78709241387
78709241388
78709241389
78709241390
78709241391
78709241392
78709241393
78709241394
78709241395
78709241396
78709241397
78709241398
78709241399
78709241400
78709241401
78709241402
78709241403
78709241404
78709241405
78709241406
78709241407
78709241408
78709241409
78709241410
78709241411
78709241412
78709241413
78709241414
78709241415
78709241416
78709241417
78709241418
78709241419
78709241420
78709241421
78709241422
78709241423
78709241424
78709241425
78709241426
78709241427
78709241428
78709241429
78709241430
78709241431
78709241432
78709241433
78709241434
78709241435
78709241436
78709241437
78709241438
78709241439
78709241440
78709241441
78709241442
78709241443
78709241444
78709241445
78709241446
78709241447
78709241448
78709241449
78709241450
78709241451
78709241452
78709241453
78709241454
78709241455
78709241456
78709241457
78709241458
78709241459
78709241460
78709241461
78709241462
78709241463
78709241464
78709241465
78709241466
78709241467
78709241468
78709241469
78709241470
78709241471
78709241472
78709241473
78709241474
78709241475
78709241476
78709241478
78709241479
78709241480
78709241481
78709241482
78709241483
78709241484
78709241485
78709241486
78709241487
78709241488
78709241489
78709241490
78709241491
78709241492
78709241493
78709241494
78709241495
78709241496
78709241497
78709241498
78709241499
78709241500
78709241501
78709241502
78709241503
78709241504
78709241505
78709241506
78709241507
78709241508
78709241509
78709241510
78709241511
78709241512
78709241513
78709241514
78709241515
78709241516
78709241517
78709241518
78709241519
78709241520
78709241521
78709241522
78709241523
78709241524
78709241525
78709241526
78709241528
78709241529
78709241530
78709241531
78709241532
78709241533
78709241534
78709241535
78709241536
78709241537
78709241538
78709241539
78709241540
78709241541
78709241542
78709241543
78709241544
78709241545
78709241546
78709241547
78709241548
78709241549
78709241550
78709241551
78709241552
78709241553
78709241554
78709241555
78709241557
78709241558
78709241559
78709241560
78709241561
78709241562
78709241563
78709241564
78709241565
78709241566
78709241567
78709241568
78709241569
78709241570
78709241571
78709241572
78709241573
78709241574
78709241575
78709241576
78709241577
78709241578
78709241579
78709241580
78709241581
78709241582
78709241583
78709241584
78709241585
78709241586
78709241587
78709241588
78709241589
78709241590
78709241591
78709241592
78709241593
78709241594
78709241595
78709241596
78709241597
78709241598
78709241599
78709241600
78709241601
78709241602
78709241603
78709241604
78709241605
78709241606
78709241607
78709241608
78709241609
78709241610
78709241611
78709241612
78709241613
78709241614
78709241615
78709241616
78709241617
78709241618
78709241619
78709241620
78709241621
78709241622
78709241623
78709241624
78709241625
78709241626
78709241628
78709241629
78709241630
78709241631
78709241632
78709241633
78709241634
78709241635
78709241636
78709241637
78709241638
78709241639
78709241640
78709241641
78709241642
78709241643
78709241644
78709241645
78709241646
78709241647
78709241648
78709241649
78709241650
78709241651
78709241652
78709241653
78709241654
78709241655
78709241656
78709241657
78709241658
78709241659
78709241660
78709241661
78709241662
78709241663
78709241664
78709241665
78709241666
78709241667
78709241668
78709241669
78709241670
78709241671
78709241672
78709241673
78709241674
78709241675
78709241678
78709241679
78709241680
78709241681
78709241682
78709241683
78709241684
78709241685
78709241686
78709241687
78709241688
78709241689
78709241690
78709241691
78709241692
78709241693
78709241694
78709241695
78709241696
78709241697
78709241698
78709241699
78709241700
78709241701
78709241702
78709241703
78709241704
78709241705
78709241706
78709241707
78709241708
78709241709
78709241710
78709241711
78709241712
78709241713
78709241714
78709241715
78709241716
78709241717
78709241718
78709241719
78709241720
78709241721
78709241722
78709241723
78709241724
78709241725
78709241726
78709241727
78709241728
78709241729
78709241730
78709241731
78709241732
78709241733
78709241734
78709241735
78709241736
78709241737
78709241738
78709241739
78709241740
78709241741
78709241742
78709241743
78709241744
78709241745
78709241746
78709241747
78709241748
78709241749
78709241750
78709241751
78709241752
78709241753
78709241754
78709241755
78709241756
78709241757
78709241758
78709241759
78709241760
78709241761
78709241762
78709241763
78709241764
78709241765
78709241766
78709241767
78709241768
78709241769
78709241770
78709241772
78709241773
78709241774
78709241775
78709241776
78709241777
78709241778
78709241779
78709241780
78709241781
78709241782
78709241783
78709241784
78709241785
78709241786
78709241787
78709241788
78709241789
78709241790
78709241791
78709241792
78709241793
78709241794
78709241795
78709241796
78709241797
78709241798
78709241799
78709241800
78709241801
78709241802
78709241803
78709241804
78709241805
78709241806
78709241807
78709241808
78709241809
78709241810
78709241811
78709241812
78709241813
78709241814
78709241815
78709241816
78709241817
78709241818
78709241819
78709241820
78709241821
78709241822
78709241823
78709241824
78709241825
78709241826
78709241827
78709241828
78709241829
78709241830
78709241831
78709241832
78709241833
78709241834
78709241835
78709241836
78709241837
78709241838
78709241839
78709241840
78709241841
78709241842
78709241843
78709241844
78709241845
78709241846
78709241847
78709241848
78709241849
78709241850
78709241851
78709241852
78709241853
78709241854
78709241855
78709241856
78709241857
78709241858
78709241859
78709241860
78709241861
78709241862
78709241863
78709241864
78709241865
78709241866
78709241867
78709241868
78709241869
78709241871
78709241872
78709241873
78709241874
78709241875
78709241876
78709241877
78709241878
78709241879
78709241880
78709241881
78709241882
78709241883
78709241884
78709241885
78709241886
78709241887
78709241888
78709241889
78709241890
78709241891
78709241892
78709241893
78709241894
78709241895
78709241896
78709241897
78709241898
78709241899
78709241900
78709241901
78709241902
78709241903
78709241904
78709241905
78709241906
78709241907
78709241908
78709241909
78709241910
78709241911
78709241912
78709241913
78709241914
78709241915
78709241916
78709241917
78709241918
78709241919
78709241920
78709241921
78709241922
78709241923
78709241924
78709241925
78709241926
78709241927
78709241928
78709241929
78709241930
78709241931
78709241932
78709241933
78709241934
78709241935
78709241936
78709241937
78709241938
78709241939
78709241940
78709241941
78709241942
78709241943
78709241944
78709241945
78709241946
78709241947
78709241948
78709241949
78709241950
78709241951
78709241952
78709241953
78709241954
78709241955
78709241956
78709241957
78709241958
78709241959
78709241960
78709241961
78709241962
78709241963
78709241964
78709241965
78709241966
78709241967
78709241968
78709241969
78709241970
78709241971
78709241972
78709241973
78709241974
78709241975
78709241976
78709241977
78709241978
78709241979
78709241980
78709241981
78709241982
78709241983
78709241984
78709241985
78709241986
78709241987
78709241988
78709241989
78709241990
78709241991
78709241992
78709241993
78709241994
78709241995
78709241996
78709241997
78709241998
78709241999
78709242000
78709242001
78709242002
78709242003
78709242004
78709242005
78709242006
78709242007
78709242008
78709242009
78709242010
78709242011
78709242012
78709242013
78709242014
78709242015
78709242016
78709242017
78709242018
78709242019
78709242020
78709242021
78709242022
78709242023
78709242024
78709242025
78709242026
78709242027
78709242028
78709242029
78709242030
78709242031
78709242032
78709242033
78709242034
78709242035
78709242036
78709242037
78709242038
78709242039
78709242040
78709242041
78709242042
78709242043
78709242044
78709242045
78709242046
78709242047
78709242048
78709242049
78709242050
78709242051
78709242052
78709242053
78709242054
78709242055
78709242056
78709242057
78709242058
78709242059
78709242060
78709242061
78709242062
78709242064
78709242065
78709242066
78709242067
78709242068
78709242069
78709242070
78709242071
78709242072
78709242073
78709242074
78709242075
78709242076
78709242077
78709242078
78709242079
78709242080
78709242081
78709242082
78709242083
78709242084
78709242085
78709242086
78709242087
78709242088
78709242089
78709242090
78709242091
78709242092
78709242093
78709242094
78709242095
78709242096
78709242097
78709242098
78709242099
78709242100
78709242101
78709242102
78709242103
78709242104
78709242105
78709242106
78709242107
78709242108
78709242109
78709242110
78709242111
78709242112
78709242113
78709242114
78709242115
78709242116
78709242117
78709242118
78709242119
78709242120
78709242121
78709242122
78709242123
78709242124
78709242125
78709242126
78709242127
78709242128
78709242129
78709242130
78709242131
78709242132
78709242133
78709242134
78709242135
78709242136
78709242137
78709242138
78709242139
78709242140
78709242141
78709242142
78709242143
78709242144
78709242145
78709242146
78709242147
78709242148
78709242149
78709242150
78709242151
78709242152
78709242153
78709242154
78709242155
78709242156
78709242157
78709242158
78709242159
78709242160
78709242161
78709242162
78709242163
78709242164
78709242165
78709242166
78709242167
78709242168
78709242169
78709242170
78709242171
78709242172
78709242173
78709242174
78709242175
78709242176
78709242177
78709242178
78709242179
78709242180
78709242181
78709242182
78709242183
78709242184
78709242185
78709242186
78709242187
78709242188
78709242189
78709242190
78709242191
78709242192
78709242193
78709242194
78709242195
78709242196
78709242197
78709242198
78709242199
78709242200
78709242201
78709242202
78709242203
78709242204
78709242205
78709242206
78709242207
78709242208
78709242209
78709242210
78709242211
78709242212
78709242213
78709242214
78709242215
78709242216
78709242217
78709242218
78709242219
78709242220
78709242221
78709242222
78709242223
78709242224
78709242225
78709242226
78709242227
78709242228
78709242229
78709242230
78709242231
78709242232
78709242233
78709242234
78709242235
78709242236
78709242237
78709242238
78709242239
78709242240
78709242241
78709242242
78709242243
78709242244
78709242245
78709242246
78709242247
78709242248
78709242249
78709242250
78709242251
78709242252
78709242253
78709242254
78709242255
78709242256
78709242258
78709242259
78709242260
78709242261
78709242262
78709242263
78709242264
78709242265
78709242266
78709242267
78709242268
78709242269
78709242270
78709242271
78709242272
78709242273
78709242276
78709242278
78709242279
78709242280
78709242281
78709242282
78709242283
78709242284
78709242285
78709242286
78709242287
78709242288
78709242289
78709242290
78709242292
78709242293
78709242294
78709242295
78709242296
78709242297
78709242298
78709242299
78709242300
78709242301
78709242302
78709242303
78709242304
78709242305
78709242306
78709242307
78709242308
78709242309
78709242310
78709242311
78709242312
78709242313
78709242314
78709242315
78709242316
78709242317
78709242318
78709242319
78709242320
78709242321
78709242322
78709242323
78709242324
78709242325
78709242326
78709242327
78709242328
78709242329
78709242330
78709242331
78709242332
78709242333
78709242334
78709242335
78709242336
78709242337
78709242338
78709242339
78709242340
78709242341
78709242342
78709242343
78709242344
78709242345
78709242346
78709242347
78709242348
78709242349
78709242350
78709242351
78709242352
78709242353
78709242354
78709242355
78709242356
78709242357
78709242358
78709242359
78709242360
78709242361
78709242362
78709242363
78709242364
78709242365
78709242366
78709242367
78709242368
78709242369
78709242370
78709242371
78709242372
78709242373
78709242374
78709242375
78709242376
78709242377
78709242378
78709242379
78709242380
78709242381
78709242382
78709242383
78709242384
78709242385
78709242386
78709242387
78709242388
78709242389
78709242390
78709242391
78709242392
78709242393
78709242394
78709242395
78709242396
78709242397
78709242398
78709242399
78709242400
78709242401
78709242402
78709242403
78709242404
78709242405
78709242406
78709242407
78709242408
78709242409
78709242410
78709242411
78709242412
78709242413
78709242414
78709242415
78709242416
78709242417
78709242418
78709242419
78709242420
78709242421
78709242422
78709242423
78709242424
78709242425
78709242426
78709242427
78709242428
78709242429
78709242430
78709242431
78709242432
78709242433
78709242434
78709242435
78709242436
78709242437
78709242438
78709242439
78709242440
78709242441
78709242442
78709242443
78709242444
78709242445
78709242446
78709242447
78709242448
78709242449
78709242451
78709242452
78709242453
78709242454
78709242455
78709242456
78709242457
78709242458
78709242460
78709242461
78709242462
78709242463
78709242464
78709242465
78709242466
78709242467
78709242468
78709242469
78709242470
78709242471
78709242472
78709242473
78709242474
78709242475
78709242476
78709242477
78709242478
78709242479
78709242480
78709242481
78709242482
78709242483
78709242484
78709242485
78709242486
78709242487
78709242488
78709242489
78709242490
78709242491
78709242492
78709242493
78709242494
78709242495
78709242496
78709242497
78709242498
78709242499
78709242500
78709242501
78709242502
78709242503
78709242504
78709242505
78709242506
78709242507
78709242508
78709242509
78709242510
78709242511
78709242512
78709242513
78709242514
78709242515
78709242516
78709242517
78709242518
78709242519
78709242520
78709242521
78709242522
78709242523
78709242524
78709242525
78709242526
78709242527
78709242528
78709242529
78709242530
78709242531
78709242532
78709242533
78709242534
78709242535
78709242536
78709242537
78709242538
78709242539
78709242540
78709242541
78709242542
78709242543
78709242544
78709242545
78709242546
78709242547
78709242548
78709242549
78709242550
78709242551
78709242552
78709242553
78709242554
78709242555
78709242556
78709242557
78709242558
78709242559
78709242560
78709242561
78709242562
78709242563
78709242564
78709242565
78709242566
78709242567
78709242568
78709242569
78709242570
78709242571
78709242572
78709242573
78709242574
78709242575
78709242576
78709242577
78709242578
78709242579
78709242580
78709242581
78709242582
78709242583
78709242584
78709242585
78709242586
78709242589
78709242590
78709242591
78709242592
78709242602
78709242620
78709242621
78709242622
78709242623
78709242624
78709242625
78709242626
78709242627
78709242628
78709242629
78709242630
78709242631
78709242632
78709242633
78709242634
78709242635
78709242636
78709242637
78709242638
78709242639
78709242640
78709242641
78709242642
78709242643
78709242644
78709242645
78709242646
78709242647
78709242648
78709242649
78709242650
78709242651
78709242652
78709242653
78709242654
78709242655
78709242656
78709242657
78709242658
78709242659
78709242660
78709242661
78709242662
78709242663
78709242664
78709242665
78709242666
78709242667
78709242668
78709242669
78709242670
78709242671
78709242672
78709242673
78709242674
78709242675
78709242676
78709242677
78709242678
78709242679
78709242680
78709242681
78709242682
78709242683
78709242684
78709242685
78709242686
78709242688
78709242689
78709242690
78709242691
78709242692
78709242693
78709242694
78709242695
78709242696
78709242697
78709242698
78709242699
78709242700
78709242701
78709242702
78709242703
78709242704
78709242705
78709242706
78709242707
78709242708
78709242709
78709242710
78709242711
78709242712
78709242713
78709242714
78709242716
78709242717
78709242718
78709242719
78709242720
78709242721
78709242722
78709242723
78709242724
78709242725
78709242726
78709242727
78709242728
78709242729
78709242730
78709242731
78709242732
78709242733
78709242734
78709242735
78709242736
78709242737
78709242739
78709242740
78709242741
78709242742
78709242743
78709242744
78709242745
78709242746
78709242747
78709242748
78709242749
78709242750
78709242751
78709242752
78709242753
78709242754
78709242755
78709242756
78709242757
78709242758
78709242759
78709242760
78709242761
78709242762
78709242763
78709242764
78709242765
78709242766
78709242767
78709242768
78709242769
78709242770
78709242771
78709242772
78709242773
78709242774
78709242775
78709242776
78709242777
78709242778
78709242779
78709242780
78709242781
78709242782
78709242783
78709242784
78709242785
78709242786
78709242787
78709242788
78709242789
78709242790
78709242791
78709242792
78709242793
78709242794
78709242795
78709242796
78709242797
78709242798
78709242799
78709242800
78709242801
78709242802
78709242803
78709242804
78709242805
78709242806
78709242807
78709242808
78709242809
78709242810
78709242811
78709242814
78709242815
78709242816
78709242817
78709242818
78709242819
78709242820
78709242821
78709242822
78709242823
78709242824
78709242825
78709242826
78709242827
78709242828
78709242829
78709242830
78709242831
78709242832
78709242833
78709242834
78709242835
78709242836
78709242837
78709242838
78709242839
78709242840
78709242841
78709242842
78709242843
78709242844
78709242845
78709242846
78709242847
78709242848
78709242849
78709242850
78709242851
78709242852
78709242853
78709242854
78709242855
78709242856
78709242857
78709242858
78709242859
78709242860
78709242861
78709242862
78709242863
78709242864
78709242865
78709242866
78709242867
78709242868
78709242869
78709242870
78709242871
78709242872
78709242873
78709242874
78709242875
78709242876
78709242877
78709242878
78709242879
78709242880
78709242881
78709242882
78709242883
78709242884
78709242885
78709242886
78709242887
78709242888
78709242889
78709242890
78709242891
78709242892
78709242893
78709242894
78709242895
78709242896
78709242897
78709242898
78709242899
78709242900
78709242901
78709242902
78709242903
78709242904
78709242905
78709242906
78709242907
78709242908
78709242909
78709242910
78709242911
78709242912
78709242913
78709242914
78709242915
78709242916
78709242917
78709242918
78709242919
78709242920
78709242921
78709242922
78709242923
78709242924
78709242925
78709242926
78709242927
78709242928
78709242929
78709242930
78709242931
78709242932
78709242933
78709242934
78709242935
78709242936
78709242937
78709242938
78709242939
78709242940
78709242941
78709242942
78709242943
78709242944
78709242945
78709242946
78709242947
78709242948
78709242949
78709242950
78709242951
78709242952
78709242953
78709242954
78709242955
78709242956
78709242957
78709242959
78709242960
78709242961
78709242962
78709242963
78709242964
78709242965
78709242966
78709242967
78709242968
78709242969
78709242970
78709242971
78709242972
78709242973
78709242974
78709242975
78709242976
78709242977
78709242978
78709242979
78709242980
78709242981
78709242982
78709242983
78709242984
78709242985
78709242986
78709242987
78709242988
78709242989
78709242990
78709242991
78709242992
78709242993
78709242994
78709242995
78709242996
78709242997
78709242998
78709242999
78709243000
78709243001
78709243002
78709243003
78709243004
78709243005
78709243006
78709243007
78709243008
78709243009
78709243010
78709243011
78709243012
78709243013
78709243014
78709243015
78709243016
78709243017
78709243018
78709243019
78709243020
78709243021
78709243022
78709243023
78709243024
78709243025
78709243026
78709243027
78709243028
78709243029
78709243030
78709243031
78709243032
78709243033
78709243034
78709243035
78709243036
78709243037
78709243038
78709243039
78709243040
78709243041
78709243042
78709243043
78709243044
78709243045
78709243046
78709243047
78709243048
78709243049
78709243050
78709243051
78709243052
78709243053
78709243054
78709243055
78709243056
78709243057
78709243058
78709243059
78709243060
78709243061
78709243062
78709243063
78709243064
78709243065
78709243066
78709243067
78709243068
78709243069
78709243070
78709243071
78709243072
78709243073
78709243074
78709243075
78709243076
78709243077
78709243078
78709243079
78709243080
78709243081
78709243082
78709243083
78709243084
78709243085
78709243086
78709243087
78709243088
78709243089
78709243090
78709243091
78709243092
78709243093
78709243094
78709243095
78709243096
78709243097
78709243098
78709243099
78709243100
78709243101
78709243102
78709243103
78709243104
78709243105
78709243106
78709243107
78709243108
78709243109
78709243110
78709243111
78709243112
78709243113
78709243114
78709243115
78709243116
78709243117
78709243118
78709243119
78709243120
78709243121
78709243122
78709243123
78709243124
78709243125
78709243126
78709243127
78709243128
78709243129
78709243130
78709243131
78709243133
78709243134
78709243135
78709243136
78709243137
78709243138
78709243139
78709243140
78709243141
78709243142
78709243143
78709243144
78709243145
78709243146
78709243147
78709243148
78709243149
78709243150
78709243151
78709243152
78709243153
78709243154
78709243155
78709243156
78709243157
78709243158
78709243159
78709243160
78709243161
78709243162
78709243163
78709243164
78709243165
78709243166
78709243167
78709243168
78709243169
78709243170
78709243171
78709243172
78709243173
78709243174
78709243175
78709243176
78709243177
78709243178
78709243179
78709243180
78709243181
78709243182
78709243183
78709243184
78709243185
78709243186
78709243187
78709243188
78709243189
78709243190
78709243191
78709243192
78709243193
78709243194
78709243195
78709243196
78709243197
78709243198
78709243199
78709243200
78709243201
78709243202
78709243203
78709243204
78709243205
78709243206
78709243207
78709243208
78709243209
78709243210
78709243211
78709243212
78709243213
78709243214
78709243215
78709243216
78709243217
78709243218
78709243219
78709243220
78709243221
78709243222
78709243223
78709243224
78709243225
78709243226
78709243227
78709243228
78709243229
78709243230
78709243231
78709243232
78709243233
78709243234
78709243235
78709243236
78709243237
78709243238
78709243239
78709243240
78709243241
78709243242
78709243243
78709243244
78709243245
78709243246
78709243247
78709243248
78709243249
78709243250
78709243251
78709243252
78709243253
78709243254
78709243255
78709243256
78709243257
78709243258
78709243259
78709243260
78709243261
78709243262
78709243263
78709243264
78709243265
78709243266
78709243267
78709243268
78709243269
78709243270
78709243271
78709243272
78709243273
78709243274
78709243275
78709243276
78709243277
78709243278
78709243279
78709243280
78709243281
78709243282
78709243283
78709243284
78709243285
78709243286
78709243287
78709243288
78709243289
78709243290
78709243291
78709243292
78709243293
78709243294
78709243295
78709243296
78709243297
78709243298
78709243299
78709243300
78709243301
78709243302
78709243303
78709243304
78709243305
78709243306
78709243307
78709243308
78709243309
78709243310
78709243311
78709243312
78709243313
78709243314
78709243315
78709243316
78709243317
78709243318
78709243319
78709243320
78709243321
78709243322
78709243323
78709243324
78709243325
78709243326
78709243327
78709243328
78709243329
78709243331
78709243332
78709243333
78709243334
78709243335
78709243336
78709243337
78709243338
78709243339
78709243340
78709243341
78709243342
78709243343
78709243344
78709243345
78709243346
78709243347
78709243348
78709243349
78709243350
78709243351
78709243352
78709243353
78709243354
78709243355
78709243356
78709243357
78709243358
78709243359
78709243360
78709243361
78709243362
78709243363
78709243364
78709243365
78709243366
78709243367
78709243368
78709243369
78709243370
78709243371
78709243372
78709243373
78709243374
78709243375
78709243376
78709243377
78709243378
78709243379
78709243380
78709243381
78709243382
78709243383
78709243384
78709243385
78709243386
78709243387
78709243388
78709243389
78709243390
78709243391
78709243392
78709243393
78709243394
78709243395
78709243396
78709243398
78709243399
78709243400
78709243401
78709243402
78709243403
78709243404
78709243405
78709243406
78709243407
78709243408
78709243409
78709243410
78709243411
78709243412
78709243413
78709243414
78709243415
78709243416
78709243417
78709243418
78709243419
78709243420
78709243421
78709243422
78709243423
78709243424
78709243425
78709243426
78709243428
78709243429
78709243430
78709243431
78709243432
78709243433
78709243434
78709243435
78709243436
78709243437
78709243438
78709243439
78709243440
78709243441
78709243442
78709243443
78709243444
78709243445
78709243446
78709243447
78709243448
78709243449
78709243450
78709243451
78709243452
78709243453
78709243454
78709243455
78709243456
78709243457
78709243458
78709243459
78709243460
78709243461
78709243462
78709243463
78709243464
78709243465
78709243466
78709243467
78709243468
78709243469
78709243470
78709243471
78709243472
78709243473
78709243474
78709243475
78709243476
78709243477
78709243478
78709243479
78709243480
78709243481
78709243482
78709243483
78709243484
78709243485
78709243486
78709243487
78709243488
78709243489
78709243490
78709243491
78709243492
78709243493
78709243494
78709243495
78709243496
78709243497
78709243498
78709243499
78709243500
78709243501
78709243502
78709243503
78709243504
78709243505
78709243506
78709243507
78709243508
78709243509
78709243510
78709243511
78709243512
78709243513
78709243514
78709243515
78709243516
78709243517
78709243518
78709243519
78709243520
78709243521
78709243522
78709243523
78709243524
78709243525
78709243526
78709243527
78709243528
78709243529
78709243530
78709243531
78709243532
78709243533
78709243534
78709243535
78709243536
78709243537
78709243538
78709243539
78709243540
78709243541
78709243542
78709243543
78709243544
78709243545
78709243546
78709243547
78709243548
78709243549
78709243550
78709243551
78709243552
78709243553
78709243554
78709243555
78709243556
78709243557
78709243558
78709243559
78709243560
78709243561
78709243562
78709243563
78709243564
78709243565
78709243566
78709243567
78709243569
78709243570
78709243571
78709243572
78709243573
78709243574
78709243575
78709243576
78709243577
78709243578
78709243579
78709243580
78709243581
78709243582
78709243583
78709243584
78709243585
78709243586
78709243587
78709243588
78709243589
78709243590
78709243591
78709243592
78709243593
78709243594
78709243595
78709243596
78709243597
78709243598
78709243599
78709243600
78709243601
78709243602
78709243603
78709243604
78709243605
78709243606
78709243607
78709243608
78709243609
78709243610
78709243611
78709243612
78709243613
78709243614
78709243615
78709243616
78709243617
78709243618
78709243619
78709243620
78709243621
78709243622
78709243623
78709243624
78709243625
78709243626
78709243627
78709243628
78709243629
78709243630
78709243631
78709243632
78709243633
78709243634
78709243635
78709243636
78709243637
78709243638
78709243639
78709243640
78709243641
78709243642
78709243643
78709243644
78709243645
78709243646
78709243647
78709243648
78709243649
78709243650
78709243651
78709243652
78709243653
78709243654
78709243655
78709243656
78709243657
78709243658
78709243659
78709243660
78709243661
78709243662
78709243663
78709243664
78709243665
78709243666
78709243667
78709243668
78709243669
78709243670
78709243671
78709243672
78709243673
78709243674
78709243675
78709243676
78709243677
78709243678
78709243679
78709243680
78709243681
78709243682
78709243683
78709243684
78709243685
78709243686
78709243687
78709243688
78709243689
78709243690
78709243691
78709243692
78709243693
78709243694
78709243695
78709243696
78709243697
78709243698
78709243699
78709243700
78709243701
78709243702
78709243703
78709243704
78709243705
78709243706
78709243707
78709243708
78709243709
78709243710
78709243711
78709243712
78709243713
78709243714
78709243715
78709243716
78709243717
78709243718
78709243719
78709243720
78709243721
78709243722
78709243723
78709243724
78709243725
78709243726
78709243727
78709243728
78709243729
78709243730
78709243731
78709243732
78709243733
78709243734
78709243735
78709243736
78709243737
78709243738
78709243739
78709243740
78709243741
78709243742
78709243743
78709243744
78709243745
78709243746
78709243747
78709243748
78709243749
78709243750
78709243751
78709243752
78709243753
78709243754
78709243755
78709243756
78709243757
78709243758
78709243759
78709243760
78709243761
78709243762
78709243763
78709243764
78709243765
78709243766
78709243767
78709243768
78709243769
78709243770
78709243771
78709243772
78709243773
78709243774
78709243775
78709243776
78709243777
78709243778
78709243779
78709243780
78709243781
78709243782
78709243783
78709243784
78709243785
78709243786
78709243787
78709243788
78709243789
78709243790
78709243791
78709243792
78709243793
78709243794
78709243795
78709243796
78709243797
78709243798
78709243799
78709243800
78709243801
78709243802
78709243803
78709243804
78709243805
78709243806
78709243807
78709243808
78709243809
78709243810
78709243811
78709243812
78709243813
78709243814
78709243815
78709243816
78709243817
78709243818
78709243819
78709243820
78709243821
78709243822
78709243823
78709243824
78709243825
78709243826
78709243827
78709243828
78709243829
78709243830
78709243831
78709243832
78709243833
78709243834
78709243835
78709243836
78709243837
78709243838
78709243839
78709243840
78709243841
78709243842
78709243843
78709243844
78709243845
78709243846
78709243847
78709243848
78709243849
78709243850
78709243851
78709243852
78709243853
78709243854
78709243855
78709243856
78709243857
78709243858
78709243859
78709243860
78709243861
78709243862
78709243863
78709243864
78709243865
78709243866
78709243867
78709243868
78709243869
78709243870
78709243871
78709243872
78709243873
78709243874
78709243875
78709243876
78709243877
78709243878
78709243879
78709243880
78709243881
78709243882
78709243883
78709243884
78709243885
78709243886
78709243887
78709243888
78709243889
78709243890
78709243891
78709243892
78709243893
78709243894
78709243895
78709243896
78709243897
78709243898
78709243899
78709243900
78709243901
78709243902
78709243903
78709243904
78709243905
78709243906
78709243907
78709243908
78709243909
78709243910
78709243911
78709243912
78709243913
78709243914
78709243915
78709243916
78709243917
78709243918
78709243919
78709243920
78709243921
78709243922
78709243923
78709243924
78709243925
78709243926
78709243927
78709243928
78709243929
78709243930
78709243931
78709243932
78709243933
78709243934
78709243935
78709243936
78709243937
78709243938
78709243939
78709243940
78709243941
78709243942
78709243943
78709243944
78709243945
78709243946
78709243947
78709243948
78709243949
78709243950
78709243951
78709243952
78709243953
78709243954
78709243955
78709243956
78709243957
78709243958
78709243959
78709243960
78709243961
78709243962
78709243963
78709243964
78709243965
78709243966
78709243967
78709243968
78709243969
78709243970
78709243971
78709243972
78709243973
78709243974
78709243975
78709243976
78709243977
78709243978
78709243979
78709243980
78709243981
78709243982
78709243983
78709243984
78709243985
78709243986
78709243987
78709243988
78709243989
78709243990
78709243991
78709243992
78709243993
78709243994
78709243995
78709243996
78709243997
78709243998
78709243999
78709244000
78709244001
78709244002
78709244003
78709244004
78709244005
78709244006
78709244007
78709244008
78709244009
78709244010
78709244011
78709244012
78709244013
78709244014
78709244015
78709244016
78709244017
78709244018
78709244019
78709244020
78709244021
78709244022
78709244023
78709244024
78709244025
78709244026
78709244027
78709244028
78709244029
78709244030
78709244031
78709244032
78709244033
78709244034
78709244035
78709244036
78709244037
78709244038
78709244039
78709244040
78709244041
78709244042
78709244043
78709244044
78709244045
78709244046
78709244047
78709244048
78709244049
78709244050
78709244051
78709244052
78709244053
78709244054
78709244055
78709244056
78709244057
78709244058
78709244059
78709244060
78709244061
78709244062
78709244063
78709244064
78709244065
78709244066
78709244067
78709244068
78709244069
78709244070
78709244071
78709244072
78709244073
78709244074
78709244075
78709244076
78709244077
78709244078
78709244079
78709244080
78709244081
78709244082
78709244083
78709244084
78709244085
78709244086
78709244087
78709244088
78709244089
78709244090
78709244091
78709244092
78709244093
78709244094
78709244095
78709244096
78709244097
78709244098
78709244099
78709244100
78709244101
78709244102
78709244103
78709244104
78709244105
78709244106
78709244107
78709244108
78709244109
78709244110
78709244111
78709244112
78709244113
78709244114
78709244115
78709244116
78709244117
78709244118
78709244119
78709244120
78709244121
78709244122
78709244123
78709244124
78709244125
78709244126
78709244127
78709244128
78709244129
78709244130
78709244131
78709244132
78709244133
78709244134
78709244135
78709244136
78709244137
78709244138
78709244139
78709244140
78709244141
78709244142
78709244143
78709244144
78709244145
78709244146
78709244147
78709244148
78709244149
78709244150
78709244151
78709244152
78709244153
78709244154
78709244155
78709244156
78709244157
78709244158
78709244159
78709244160
78709244161
78709244162
78709244163
78709244164
78709244165
78709244166
78709244167
78709244168
78709244169
78709244170
78709244171
78709244172
78709244173
78709244174
78709244175
78709244176
78709244177
78709244178
78709244179
78709244180
78709244181
78709244182
78709244183
78709244184
78709244185
78709244186
78709244187
78709244188
78709244189
78709244190
78709244191
78709244192
78709244193
78709244194
78709244195
78709244196
78709244197
78709244198
78709244199
78709244200
78709244201
78709244202
78709244203
78709244204
78709244205
78709244206
78709244207
78709244208
78709244209
78709244210
78709244211
78709244212
78709244213
78709244214
78709244215
78709244216
78709244217
78709244218
78709244219
78709244220
78709244221
78709244222
78709244223
78709244224
78709244225
78709244226
78709244227
78709244228
78709244229
78709244230
78709244231
78709244232
78709244233
78709244234
78709244235
78709244236
78709244237
78709244238
78709244239
78709244240
78709244241
78709244242
78709244243
78709244244
78709244245
78709244246
78709244247
78709244248
78709244249
78709244250
78709244251
78709244252
78709244253
78709244254
78709244255
78709244256
78709244257
78709244258
78709244259
78709244260
78709244261
78709244262
78709244263
78709244264
78709244265
78709244266
78709244267
78709244268
78709244269
78709244270
78709244271
78709244272
78709244273
78709244274
78709244275
78709244276
78709244277
78709244278
78709244279
78709244280
78709244281
78709244282
78709244283
78709244284
78709244285
78709244286
78709244287
78709244288
78709244289
78709244290
78709244291
78709244292
78709244293
78709244294
78709244295
78709244296
78709244297
78709244298
78709244299
78709244300
78709244301
78709244302
78709244303
78709244304
78709244305
78709244306
78709244307
78709244308
78709244309
78709244310
78709244311
78709244312
78709244313
78709244314
78709244315
78709244316
78709244317
78709244318
78709244319
78709244320
78709244321
78709244322
78709244323
78709244324
78709244325
78709244326
78709244327
78709244328
78709244329
78709244330
78709244331
78709244332
78709244333
78709244334
78709244335
78709244336
78709244337
78709244338
78709244339
78709244340
78709244341
78709244342
78709244343
78709244344
78709244345
78709244346
78709244347
78709244348
78709244349
78709244350
78709244351
78709244352
78709244353
78709244355
78709244356
78709244357
78709244358
78709244359
78709244360
78709244361
78709244362
78709244363
78709244364
78709244365
78709244366
78709244367
78709244368
78709244369
78709244370
78709244371
78709244372
78709244373
78709244374
78709244375
78709244376
78709244377
78709244378
78709244379
78709244380
78709244381
78709244382
78709244383
78709244384
78709244385
78709244386
78709244387
78709244388
78709244389
78709244390
78709244391
78709244392
78709244393
78709244394
78709244395
78709244396
78709244397
78709244398
78709244399
78709244400
78709244401
78709244402
78709244403
78709244404
78709244405
78709244406
78709244407
78709244408
78709244409
78709244410
78709244411
78709244412
78709244413
78709244414
78709244415
78709244416
78709244417
78709244418
78709244419
78709244420
78709244421
78709244422
78709244423
78709244424
78709244425
78709244426
78709244427
78709244428
78709244429
78709244430
78709244431
78709244432
78709244433
78709244434
78709244435
78709244436
78709244437
78709244438
78709244439
78709244440
78709244441
78709244442
78709244443
78709244444
78709244445
78709244446
78709244447
78709244448
78709244449
78709244450
78709244451
78709244452
78709244453
78709244454
78709244455
78709244456
78709244457
78709244458
78709244459
78709244460
78709244461
78709244462
78709244463
78709244464
78709244465
78709244466
78709244467
78709244468
78709244469
78709244470
78709244471
78709244472
78709244473
78709244474
78709244475
78709244476
78709244477
78709244478
78709244479
78709244480
78709244481
78709244482
78709244483
78709244484
78709244485
78709244486
78709244487
78709244488
78709244489
78709244490
78709244491
78709244492
78709244493
78709244494
78709244495
78709244496
78709244497
78709244498
78709244499
78709244500
78709244501
78709244502
78709244503
78709244504
78709244505
78709244506
78709244507
78709244508
78709244509
78709244510
78709244511
78709244512
78709244513
78709244514
78709244515
78709244516
78709244517
78709244518
78709244519
78709244520
78709244528
78709244529
78709244530
78709244531
78709244532
78709244534
78709244535
78709244536
78709244537
78709244538
78709244539
78709244540
78709244541
78709244542
78709244543
78709244544
78709244545
78709244546
78709244547
78709244548
78709244549
78709244550
78709244551
78709244552
78709244553
78709244554
78709244555
78709244556
78709244557
78709244558
78709244559
78709244560
78709244561
78709244562
78709244563
78709244564
78709244565
78709244566
78709244567
78709244568
78709244569
78709244570
78709244571
78709244572
78709244573
78709244574
78709244575
78709244576
78709244577
78709244578
78709244579
78709244580
78709244581
78709244582
78709244583
78709244584
78709244585
78709244586
78709244587
78709244588
78709244589
78709244590
78709244591
78709244592
78709244593
78709244594
78709244595
78709244596
78709244597
78709244598
78709244603
78709244607
78709244622
78709244623
78709244647
78709244648
78709244649
78709244650
78709244651
78709244652
78709244653
78709244654
78709244655
78709244656
78709244668
78709244681
78709244689
78709244690
78709244691
78709244692
78709244693
78709244694
78709244695
78709244696
78709244697
78709244698
78709244699
78709244700
78709244719
78709244731
78709244732
78709244733
78709244734
78709244735
78709244736
78709244737
78709244738
78709244739
78709244740
78709244741
78709244742
78709244743
78709244744
78709244745
78709244746
78709244747
78709244748
78709244749
78709244750
78709244751
78709244752
78709244753
78709244754
78709244755
78709244756
78709244757
78709244758
78709244759
78709244760
78709244762
78709244763
78709244764
78709244765
78709244766
78709244767
78709244768
78709244769
78709244770
78709244771
78709244772
78709244773
78709244774
78709244775
78709244776
78709244777
78709244778
78709244779
78709244780
78709244781
78709244782
78709244783
78709244784
78709244785
78709244786
78709244787
78709244788
78709244789
78709244790
78709244791
78709244792
78709244793
78709244794
78709244795
78709244796
78709244797
78709244798
78709244799
78709244800
78709244801
78709244802
78709244803
78709244804
78709244805
78709244806
78709244807
78709244808
78709244809
78709244810
78709244811
78709244812
78709244813
78709244814
78709244815
78709244817
78709244818
78709244819
78709244822
78709244823
78709244824
78709244825
78709244826
78709244827
78709244828
78709244829
78709244830
78709244831
78709244832
78709244833
78709244834
78709244835
78709244836
78709244837
78709244838
78709244839
78709244840
78709244841
78709244842
78709244843
78709244844
78709244845
78709244846
78709244847
78709244848
78709244849
78709244850
78709244852
78709244853
78709244854
78709244855
78709244856
78709244857
78709244858
78709244859
78709244860
78709244861
78709244862
78709244863
78709244864
78709244865
78709244866
78709244867
78709244868
78709244869
78709244870
78709244872
78709244873
78709244874
78709244875
78709244876
78709244877
78709244878
78709244879
78709244880
78709244881
78709244882
78709244883
78709244884
78709244885
78709244886
78709244887
78709244888
78709244889
78709244890
78709244891
78709244892
78709244893
78709244894
78709244895
78709244896
78709244897
78709244898
78709244899
78709244900
78709244901
78709244902
78709244903
78709244904
78709244905
78709244906
78709244907
78709244908
78709244909
78709244910
78709244911
78709244912
78709244913
78709244914
78709244915
78709244916
78709244917
78709244918
78709244919
78709244920
78709244921
78709244922
78709244923
78709244924
78709244925
78709244926
78709244927
78709244928
78709244929
78709244930
78709244931
78709244932
78709244933
78709244934
78709244935
78709244936
78709244937
78709244938
78709244939
78709244940
78709244941
78709244942
78709244943
78709244944
78709244945
78709244946
78709244947
78709244948
78709244949
78709244950
78709244951
78709244952
78709244953
78709244954
78709244955
78709244956
78709244957
78709244958
78709244959
78709244960
78709244961
78709244962
78709244963
78709244964
78709244965
78709244966
78709244967
78709244968
78709244969
78709244971
78709244972
78709244973
78709244974
78709244975
78709244976
78709244977
78709244978
78709244979
78709244980
78709244981
78709244982
78709244983
78709244984
78709244985
78709244986
78709244987
78709244988
78709244989
78709244990
78709244991
78709244992
78709244993
78709244994
78709244995
78709244996
78709244997
78709244998
78709244999
78709245000
78709245001
78709245002
78709245003
78709245004
78709245005
78709245006
78709245007
78709245008
78709245009
78709245010
78709245011
78709245012
78709245013
78709245014
78709245015
78709245016
78709245017
78709245018
78709245019
78709245020
78709245021
78709245022
78709245023
78709245024
78709245025
78709245026
78709245027
78709245028
78709245029
78709245030
78709245031
78709245032
78709245033
78709245034
78709245035
78709245036
78709245037
78709245038
78709245039
78709245040
78709245041
78709245042
78709245043
78709245044
78709245045
78709245046
78709245047
78709245048
78709245049
78709245050
78709245051
78709245052
78709245053
78709245054
78709245055
78709245056
78709245057
78709245058
78709245059
78709245060
78709245061
78709245062
78709245063
78709245064
78709245065
78709245066
78709245067
78709245068
78709245069
78709245070
78709245071
78709245072
78709245073
78709245074
78709245075
78709245076
78709245077
78709245078
78709245079
78709245080
78709245081
78709245082
78709245083
78709245084
78709245085
78709245086
78709245087
78709245088
78709245089
78709245090
78709245091
78709245092
78709245093
78709245094
78709245095
78709245096
78709245097
78709245098
78709245099
78709245100
78709245101
78709245102
78709245103
78709245104
78709245105
78709245106
78709245107
78709245108
78709245109
78709245110
78709245111
78709245112
78709245113
78709245114
78709245115
78709245116
78709245117
78709245118
78709245119
78709245120
78709245121
78709245122
78709245123
78709245124
78709245125
78709245126
78709245127
78709245128
78709245129
78709245130
78709245131
78709245132
78709245133
78709245134
78709245135
78709245136
78709245137
78709245138
78709245139
78709245140
78709245141
78709245142
78709245143
78709245144
78709245145
78709245146
78709245147
78709245148
78709245149
78709245150
78709245151
78709245152
78709245153
78709245154
78709245155
78709245156
78709245157
78709245158
78709245159
78709245160
78709245161
78709245162
78709245163
78709245164
78709245165
78709245166
78709245167
78709245168
78709245169
78709245170
78709245171
78709245172
78709245173
78709245174
78709245175
78709245176
78709245177
78709245178
78709245179
78709245180
78709245181
78709245182
78709245183
78709245184
78709245185
78709245186
78709245187
78709245188
78709245189
78709245190
78709245191
78709245192
78709245193
78709245194
78709245195
78709245196
78709245197
78709245198
78709245199
78709245200
78709245201
78709245202
78709245203
78709245204
78709245205
78709245206
78709245207
78709245208
78709245209
78709245210
78709245211
78709245212
78709245213
78709245214
78709245215
78709245216
78709245217
78709245218
78709245219
78709245220
78709245221
78709245222
78709245223
78709245224
78709245225
78709245226
78709245227
78709245228
78709245229
78709245230
78709245231
78709245232
78709245233
78709245234
78709245235
78709245236
78709245237
78709245238
78709245239
78709245240
78709245241
78709245242
78709245243
78709245244
78709245245
78709245246
78709245247
78709245248
78709245249
78709245250
78709245251
78709245252
78709245253
78709245254
78709245255
78709245256
78709245257
78709245258
78709245259
78709245260
78709245261
78709245262
78709245263
78709245264
78709245265
78709245266
78709245267
78709245268
78709245269
78709245270
78709245271
78709245272
78709245273
78709245274
78709245275
78709245276
78709245277
78709245278
78709245279
78709245280
78709245281
78709245282
78709245283
78709245284
78709245285
78709245286
78709245287
78709245288
78709245289
78709245290
78709245291
78709245292
78709245293
78709245294
78709245295
78709245296
78709245297
78709245298
78709245299
78709245300
78709245302
78709245303
78709245304
78709245305
78709245306
78709245307
78709245308
78709245309
78709245310
78709245311
78709245312
78709245313
78709245314
78709245315
78709245316
78709245317
78709245318
78709245319
78709245320
78709245321
78709245322
78709245323
78709245324
78709245325
78709245326
78709245327
78709245328
78709245329
78709245330
78709245331
78709245332
78709245333
78709245334
78709245335
78709245336
78709245337
78709245338
78709245339
78709245340
78709245341
78709245342
78709245343
78709245344
78709245345
78709245346
78709245347
78709245348
78709245349
78709245350
78709245351
78709245353
78709245354
78709245355
78709245356
78709245357
78709245358
78709245359
78709245360
78709245361
78709245362
78709245363
78709245364
78709245365
78709245366
78709245367
78709245368
78709245369
78709245370
78709245371
78709245373
78709245374
78709245375
78709245376
78709245377
78709245378
78709245379
78709245380
78709245381
78709245382
78709245385
78709245386
78709245389
78709245390
78709245391
78709245392
78709245393
